lastAccountName: ItzAnu_
timestamps:
  login: 1637547334326
  logout: 1637547429765
ipAddress: 127.0.0.1
lastlocation:
  world: acropolis1v1
  x: -96.25577813511616
  y: 70.53096354265791
  z: 63.241232554211905
  yaw: -198.31482
  pitch: 31.799904
logoutlocation:
  world: world
  x: -24.5
  y: 71.85228126851463
  z: 0.5
  yaw: 269.94516
  pitch: -3.1335185
